# "Name"
# clipNumber
# frameCount
# frame, xpos, ypos, similarity

"Tracker0002"
1
47
86685 684.157349 458.492706 1.000000
86686 677.489136 457.949860 1.000000
86687 671.221191 457.089813 1.000000
86688 667.451721 456.683441 1.000000
86689 663.418396 455.124237 1.000000
86690 659.346008 453.126404 1.000000
86691 655.512939 451.597443 1.000000
86692 651.579102 449.962311 0.909116
86693 648.516357 448.442749 0.970579
86694 646.854919 446.872314 0.979145
86695 646.022705 445.145050 0.978041
86696 644.745361 442.275848 0.980276
86697 643.343384 439.945221 0.979053
86698 641.786194 437.195374 0.986704
86699 640.499756 434.307251 0.984284
86700 639.741455 431.346619 0.987843
86701 639.486572 428.199280 0.987834
86702 638.865234 424.427521 0.990015
86703 638.059021 420.215149 1.000000
86704 637.318359 416.205048 0.990562
86705 636.601746 412.544983 0.988579
86706 635.475830 409.198456 0.987004
86707 634.403931 405.282623 0.984066
86708 634.316772 401.466614 0.983478
86709 634.410583 398.319824 0.980810
86710 634.738892 395.236145 0.977076
86711 635.596069 392.992004 0.973222
86712 636.070618 391.242554 0.971746
86713 636.213440 389.717529 0.958327
86714 637.051086 388.643066 0.960006
86715 637.810913 388.022217 0.951878
86716 639.374451 387.116394 0.945621
86717 641.048096 387.143219 0.940819
86718 642.879944 387.079926 0.934224
86719 644.709656 387.144379 0.930504
86720 646.394897 387.233215 0.924535
86721 647.885803 387.279907 0.920268
86722 648.807495 387.266998 0.916505
86723 648.994141 386.281189 0.911675
86724 649.711121 386.072662 0.907407
86725 650.244080 384.544922 0.900729
86726 651.247803 383.008667 0.895054
86727 651.249634 380.479584 0.889530
86728 651.275208 377.944275 0.885477
86729 651.814026 375.873047 0.881892
86730 652.827637 372.729523 0.880406
86731 652.840332 369.607452 0.879741

"Tracker0003"
1
47
86685 729.658447 752.329712 1.000000
86686 723.802673 750.739258 0.879530
86687 719.747986 749.463989 0.968145
86688 717.117188 748.149292 0.740256
86689 714.644531 746.781189 0.979125
86690 712.362427 745.181885 0.774996
86691 710.023621 743.474243 0.800469
86692 708.545349 741.924011 0.824149
86693 707.285400 740.413757 0.842396
86694 707.312317 738.890686 0.855386
86695 708.130188 736.661316 0.855756
86696 709.219055 734.117310 0.860309
86697 710.027466 731.743713 0.864194
86698 710.195557 728.939758 0.864443
86699 710.565186 725.873291 0.866451
86700 711.296143 722.695923 0.860620
86701 712.579163 719.386292 0.861699
86702 713.358948 715.164246 0.864846
86703 714.125854 710.577881 0.879760
86704 714.453003 706.213318 0.907687
86705 714.671265 702.011780 0.916895
86706 714.798218 698.130554 0.939641
86707 714.840393 693.673035 0.947940
86708 714.972107 689.252991 0.960464
86709 714.795837 685.385193 0.963469
86710 714.668945 682.236023 0.970596
86711 714.404236 679.770569 0.974118
86712 714.237793 678.118713 0.974861
86713 713.787170 676.547852 0.985713
86714 713.751282 675.412292 0.991806
86715 714.462952 674.579224 1.000000
86716 716.090393 674.313721 0.768583
86717 717.605774 674.301453 0.786012
86718 719.798828 674.261414 0.802585
86719 721.955444 674.307861 0.825597
86720 724.189880 674.373291 0.840436
86721 725.799377 674.354004 0.859025
86722 726.366577 674.302490 0.845012
86723 727.077026 674.102295 0.827164
86724 727.337646 673.378174 0.816715
86725 727.960449 672.485107 0.821675
86726 728.161133 671.013489 0.843446
86727 728.451843 668.696045 0.874217
86728 728.632874 666.460938 0.895318
86729 728.572815 663.566040 0.929646
86730 728.535278 660.522339 0.962887
86731 727.742432 657.365784 1.000000

"Tracker0004"
1
47
86685 757.895996 482.130066 0.955189
86686 756.609558 481.270721 0.949896
86687 754.948425 479.885193 1.000000
86688 752.857666 478.496124 0.751525
86689 751.113037 477.148285 0.762181
86690 749.343140 475.119202 0.778450
86691 747.792114 473.498627 0.794017
86692 746.331360 471.898651 0.821702
86693 745.442444 470.386932 0.832786
86694 745.248779 468.859375 0.846532
86695 745.917725 466.500854 0.859793
86696 745.932495 464.256134 0.873010
86697 745.843933 461.465088 0.875282
86698 745.060913 458.939636 0.888049
86699 745.028442 455.916656 0.907946
86700 745.212769 452.800690 0.920679
86701 745.521667 449.451721 0.929013
86702 745.534363 445.506470 0.938703
86703 745.331177 441.212311 0.953992
86704 745.221191 436.999084 0.962342
86705 745.167480 433.056580 0.968988
86706 745.034180 429.158386 0.971990
86707 744.779724 424.718842 0.974948
86708 744.880737 420.687836 0.980586
86709 745.561890 417.447296 0.981535
86710 746.212341 414.524994 0.980849
86711 746.931030 412.120331 0.983170
86712 747.613098 410.340912 0.985779
86713 748.302979 408.749939 0.987273
86714 748.955688 407.487305 0.988958
86715 749.707214 406.560516 0.991890
86716 751.200500 405.818298 -1.000000
86717 752.770264 405.708649 -1.000000
86718 754.581299 405.470154 -1.000000
86719 756.250183 405.306915 0.961292
86720 757.716003 405.198944 -1.000000
86721 758.649902 405.009613 -1.000000
86722 759.362915 404.943115 -1.000000
86723 760.146667 404.167603 -1.000000
86724 760.773743 403.421021 -1.000000
86725 761.407410 402.112427 -1.000000
86726 761.559265 400.499207 -1.000000
86727 761.212402 398.598053 0.976128
86728 761.846313 396.206055 1.000000
86729 762.221313 393.501038 -1.000000
86730 762.125793 390.575806 -1.000000
86731 761.543274 387.736023 1.000000

"Tracker0005"
1
47
86685 622.556213 560.780090 0.922220
86686 614.059265 559.526489 0.927178
86687 607.380737 558.576904 0.952603
86688 603.036194 557.682556 0.951623
86689 599.216553 556.873413 0.956087
86690 594.859436 555.359680 0.964620
86691 591.050537 553.843750 0.968100
86692 587.922913 552.544800 0.970022
86693 585.034424 551.223267 0.976459
86694 583.716003 549.752991 0.975802
86695 583.480042 548.195862 0.977393
86696 583.058044 546.210999 0.980697
86697 582.313171 543.969116 0.983992
86698 581.492310 541.690308 0.986496
86699 580.808960 539.363403 0.988424
86700 580.894165 536.793823 1.000000
86701 581.162170 533.724365 0.985964
86702 581.294373 530.487427 0.985056
86703 581.182739 526.661987 0.982719
86704 581.061951 522.872986 0.979759
86705 580.970520 519.568359 -1.000000
86706 580.922546 516.321655 -1.000000
86707 580.919983 513.121521 -1.000000
86708 581.432556 509.566528 -1.000000
86709 582.231812 506.460083 -1.000000
86710 582.581177 503.471985 0.905040
86711 583.494873 501.118774 -1.000000
86712 584.476807 499.313690 -1.000000
86713 585.635681 497.784058 -1.000000
86714 587.206665 497.096375 -1.000000
86715 588.812256 496.189362 -1.000000
86716 590.449951 495.687897 0.817286
86717 592.804443 495.757538 -1.000000
86718 595.200256 495.777527 -1.000000
86719 598.100220 495.814758 -1.000000
86720 599.911438 496.383270 -1.000000
86721 601.715027 496.296173 -1.000000
86722 602.458984 495.763977 -1.000000
86723 603.732788 495.027374 -1.000000
86724 605.020020 493.878784 -1.000000
86725 606.528564 492.533783 -1.000000
86726 607.966125 490.940582 -1.000000
86727 609.225830 488.559570 -1.000000
86728 610.423950 486.076660 -1.000000
86729 611.473267 482.956573 -1.000000
86730 612.044250 480.363678 -1.000000
86731 612.082581 476.536469 -1.000000

"Tracker0006"
1
37
86695 764.313110 557.687622 -1.000000
86696 766.142578 555.522888 -1.000000
86697 767.443604 553.099792 -1.000000
86698 768.569031 550.717407 0.984230
86699 769.668030 548.059692 -1.000000
86700 770.625854 544.939697 -1.000000
86701 771.680420 541.873535 -1.000000
86702 772.317993 538.063232 -1.000000
86703 772.800049 533.864258 -1.000000
86704 773.226929 529.778687 1.000000
86705 774.323486 525.856323 1.000000
86706 775.573608 521.792908 0.879699
86707 776.371826 517.364624 0.907380
86708 777.679199 513.383057 0.930261
86709 779.179138 510.181335 0.935455
86710 780.092468 507.297363 0.958450
86711 781.259155 504.934601 0.970325
86712 782.593384 503.136963 0.979804
86713 783.928650 501.462341 0.986678
86714 785.354919 500.005951 1.000000
86715 786.836060 498.620361 0.984840
86716 788.568359 497.890930 0.983909
86717 790.797546 497.502258 0.982487
86718 793.061707 496.893372 0.978190
86719 795.343628 496.585449 0.969423
86720 797.254883 496.273041 0.943668
86721 798.932312 495.528687 0.944898
86722 799.892273 494.948853 0.914612
86723 800.666748 494.149567 0.901324
86724 801.328857 493.422913 0.862891
86725 802.072815 491.868744 0.855772
86726 802.924988 490.116364 0.831923
86727 803.168396 487.414734 0.819761
86728 803.922668 485.146515 0.786842
86729 803.943665 482.129181 0.771129
86730 804.003845 479.192688 0.749174
86731 803.998779 476.143616 0.707338

"Tracker0007"
1
47
86685 725.146484 582.771179 0.776033
86686 719.288025 581.990906 0.789975
86687 714.420532 580.788574 0.797475
86688 710.871582 579.642883 0.784097
86689 707.824829 578.444336 -1.000000
86690 704.192261 576.809387 -1.000000
86691 701.251770 575.202209 -1.000000
86692 698.776550 573.744385 -1.000000
86693 696.308167 572.146545 -1.000000
86694 695.424866 570.615112 0.842694
86695 695.423584 568.440430 -1.000000
86696 695.132629 566.043091 -1.000000
86697 694.464233 563.219604 -1.000000
86698 693.585510 560.330872 -1.000000
86699 693.020020 557.368347 -1.000000
86700 693.206909 554.350647 0.961143
86701 693.572754 550.689758 1.000000
86702 693.872253 546.203125 1.000000
86703 693.397034 541.897034 1.000000
86704 693.039063 537.833679 1.000000
86705 692.481323 533.987976 1.000000
86706 691.956604 530.159241 1.000000
86707 690.954956 525.673340 1.000000
86708 690.529541 522.170532 -1.000000
86709 690.450439 518.424316 -1.000000
86710 690.425354 515.321838 0.983302
86711 690.400208 513.047241 -1.000000
86712 690.387390 511.307709 -1.000000
86713 690.261353 509.753967 -1.000000
86714 690.325134 508.623108 -1.000000
86715 690.714233 507.832489 -1.000000
86716 692.012451 507.481598 0.982526
86717 693.560791 507.378998 0.979784
86718 695.254028 507.306000 0.975949
86719 696.941162 507.342316 0.975380
86720 698.628967 507.497742 0.962660
86721 700.015991 507.603271 0.958460
86722 700.793579 507.591339 0.948081
86723 701.078857 507.243561 0.940151
86724 701.432617 506.516876 0.914797
86725 701.714783 505.584106 0.906116
86726 701.784302 504.083801 0.889048
86727 701.841919 502.213409 0.878930
86728 702.063965 499.431244 0.869359
86729 702.241699 496.646667 0.862524
86730 702.242188 493.599823 0.858299
86731 701.462891 490.585693 0.856458

"Tracker0001"
1
47
86685 670.101990 745.670166 1.000000
86686 662.117249 745.046021 0.964941
86687 654.710388 743.708862 1.000000
86688 650.404358 742.754211 1.000000
86689 646.402344 741.799500 1.000000
86690 642.400391 740.358276 1.000000
86691 638.885010 738.673706 1.000000
86692 634.396423 736.502563 0.924181
86693 632.135376 735.608521 0.949246
86694 630.971802 734.349854 0.707498
86695 630.979309 732.816162 0.765755
86696 630.972351 729.946899 0.848062
86697 630.836792 727.589722 0.891992
86698 629.988464 724.847839 0.939232
86699 629.707153 722.015137 0.955997
86700 629.951904 718.804932 0.971957
86701 630.762695 715.455933 0.973349
86702 631.149414 711.393982 0.976990
86703 631.207214 706.924011 0.977160
86704 631.152954 702.584045 0.979997
86705 630.866455 698.678162 0.982414
86706 630.496765 694.904907 0.983267
86707 629.863647 690.961060 0.985744
86708 629.694214 686.713318 0.988323
86709 629.419128 682.973755 0.990147
86710 628.800476 679.718262 0.990573
86711 628.530334 677.369263 1.000000
86712 628.225342 675.621948 0.991795
86713 627.620789 674.177307 0.989500
86714 627.646484 673.367920 0.987610
86715 628.400574 672.644104 0.984136
86716 629.691895 672.398804 0.979628
86717 631.276123 672.308289 0.979686
86718 633.565063 672.301514 0.971358
86719 635.840088 672.510498 0.962785
86720 638.170471 673.160400 0.957105
86721 639.823181 673.210144 0.950631
86722 641.069397 673.200867 0.946643
86723 641.760925 672.849060 0.934767
86724 642.131775 672.019348 0.927292
86725 642.841553 671.280945 0.913309
86726 643.779358 669.744751 0.896343
86727 643.950867 667.906982 0.888312
86728 644.782776 664.998901 0.878369
86729 644.782715 661.956909 0.869019
86730 644.771973 658.936646 0.867477
86731 644.057068 655.894653 0.857665

"Tracker0008"
1
47
86685 706.152344 415.880157 1.000000
86686 700.460388 415.001099 1.000000
86687 694.768433 413.871216 1.000000
86688 690.638977 412.866760 1.000000
86689 686.063110 411.862305 1.000000
86690 682.714844 410.523010 1.000000
86691 679.366638 409.183716 1.000000
86692 676.585083 407.503510 1.000000
86693 672.094849 406.574158 0.923063
86694 670.894531 405.138550 0.946102
86695 670.109558 403.153625 0.940635
86696 668.790588 400.670074 0.940082
86697 667.380981 397.888794 0.950857
86698 665.675720 395.051697 0.765753
86699 664.250916 392.044678 0.955355
86700 663.366882 388.657623 0.921338
86701 663.156921 385.257172 0.955812
86702 662.359924 381.470459 0.974775
86703 661.122620 377.116241 0.977730
86704 660.247437 373.244843 0.980649
86705 659.426453 369.535370 0.983340
86706 658.193115 365.765259 0.982452
86707 656.699341 361.902649 0.982529
86708 656.449524 358.122864 0.989087
86709 656.786316 354.968353 0.985602
86710 656.926758 352.137085 0.983148
86711 657.637024 349.875854 1.000000
86712 658.186157 348.076660 0.987420
86713 658.451965 346.540619 0.989716
86714 659.213989 345.469727 0.985310
86715 659.908264 344.748474 0.983515
86716 661.164856 344.227692 0.980910
86717 662.757202 344.163422 0.976105
86718 664.388916 344.150696 0.972813
86719 665.968994 344.184845 0.966824
86720 667.477234 344.371094 0.963663
86721 668.384216 344.426758 0.959246
86722 669.181580 344.426849 0.955893
86723 669.930481 343.657562 0.946622
86724 670.102417 342.832031 0.937149
86725 670.377441 342.182983 0.930136
86726 670.384644 340.648804 0.916634
86727 670.410034 338.565125 0.910517
86728 671.307007 335.635651 0.904108
86729 671.361816 333.449524 0.902832
86730 671.387451 330.357269 0.897792
86731 671.398010 327.278900 0.892392

"Tracker0009"
1
47
86685 683.389587 696.506775 1.000000
86686 675.641296 695.611328 1.000000
86687 669.618958 694.468262 1.000000
86688 665.588989 693.759705 1.000000
86689 660.971008 692.733215 1.000000
86690 656.895691 691.582642 1.000000
86691 653.465454 690.067444 1.000000
86692 650.229980 688.441772 1.000000
86693 648.130920 687.005554 1.000000
86694 646.410583 685.569336 1.000000
86695 645.889709 683.059875 1.000000
86696 645.510620 680.180603 1.000000
86697 645.102905 677.925049 0.956950
86698 644.310181 675.264526 1.000000
86699 643.673889 672.074829 0.804326
86700 643.730835 668.979004 0.874306
86701 644.355347 665.527710 0.922922
86702 644.478088 661.575195 0.956077
86703 644.462341 657.019409 0.966903
86704 644.271606 652.669006 0.970337
86705 643.919495 648.825989 0.975838
86706 643.309204 645.028992 0.982362
86707 642.551880 641.059692 0.985657
86708 642.332703 636.887634 0.986010
86709 641.990417 633.111267 0.983281
86710 641.645752 629.984863 1.000000
86711 641.407166 627.579590 0.989507
86712 641.145447 625.843628 0.983870
86713 640.623108 624.313049 0.982580
86714 640.621887 623.501709 0.979805
86715 641.292297 622.709961 0.976800
86716 642.584961 622.434875 0.969765
86717 644.140808 622.383545 0.965731
86718 646.113770 622.393738 0.957530
86719 648.355713 622.565125 0.945195
86720 650.551819 622.962036 0.944277
86721 652.090454 623.139893 0.936150
86722 652.936035 623.169312 0.933070
86723 653.695984 622.834900 0.920088
86724 654.101379 622.043457 0.911166
86725 654.836365 621.209595 0.897323
86726 655.186035 619.680664 0.877251
86727 655.467773 617.783386 0.861991
86728 656.184387 614.976074 0.850870
86729 656.190369 612.105103 0.839063
86730 656.182312 609.074585 0.834641
86731 655.499512 605.960571 0.825213

"Tracker0010"
1
47
86685 736.941833 625.353149 0.701427
86686 733.692200 624.599792 0.762362
86687 730.512146 623.508362 0.802520
86688 728.017517 622.116821 0.831193
86689 725.261963 620.606384 0.851477
86690 722.965088 618.962463 0.872389
86691 720.602600 617.215820 0.894431
86692 718.973450 615.603516 0.911824
86693 717.386414 614.058655 0.932824
86694 717.139526 612.384155 0.945762
86695 717.817200 610.436218 0.954656
86696 718.135559 607.838928 0.960067
86697 718.134399 605.148071 0.970520
86698 717.877075 602.416565 0.977601
86699 717.711365 599.375916 0.978742
86700 718.287659 596.205383 0.981654
86701 719.008240 592.833374 0.986620
86702 719.387817 588.706604 1.000000
86703 719.022156 584.773682 0.782481
86704 719.018188 580.373718 0.816955
86705 718.974854 576.422668 0.843824
86706 718.812378 572.499329 0.858314
86707 718.540955 568.245361 0.880300
86708 718.569092 563.947021 0.906156
86709 718.712219 560.236511 0.919183
86710 718.762756 557.095215 0.934339
86711 718.818298 554.724365 0.944005
86712 718.906006 553.036011 0.954682
86713 718.894714 551.507263 0.967547
86714 719.101685 550.282837 0.975202
86715 719.712280 549.443176 0.981346
86716 721.004150 548.871338 1.000000
86717 722.629150 548.739197 0.977626
86718 724.416565 548.623901 0.956671
86719 726.263367 548.567871 0.918076
86720 728.035583 548.619507 0.850931
86721 729.395813 548.641113 1.000000
86722 730.157166 548.536438 0.972639
86723 730.758911 548.167236 0.931285
86724 731.019409 547.448486 0.900872
86725 731.366516 546.557495 0.870033
86726 731.453857 544.974304 0.851980
86727 731.609802 542.633057 0.838620
86728 731.915771 540.311157 0.829343
86729 732.030151 537.352173 0.818510
86730 732.026306 534.423584 0.813589
86731 731.433960 531.325439 0.804168
